# Blender v2.81 (sub 16) OBJ File: 'cube.blend'
# www.blender.org
mtllib cube.mtl
o Plane_Plane.001
v 0.021987 -0.068725 -0.461016
v 0.442506 -0.112451 -0.115984
v -0.291135 -0.351949 -0.115279
v 0.129384 -0.395675 0.229752
v -0.129384 0.395675 -0.217675
v 0.291135 0.351949 0.127357
v -0.442506 0.112451 0.128061
v -0.021987 0.068725 0.473093
v -0.721053 0.004413 -1.662858
v -0.837725 0.277830 -1.914983
v -0.919902 -0.264746 -1.862730
v -1.036574 0.008671 -2.114855
v -0.406755 -0.064381 -1.882905
v -0.523428 0.209036 -2.135030
v -0.605605 -0.333540 -2.082778
v -0.722277 -0.060123 -2.334902
v 0.931835 0.027206 -1.763769
v 1.196309 0.301590 -1.681898
v 1.174306 -0.128121 -2.026480
v 1.438781 0.146263 -1.944609
v 1.084139 -0.201973 -1.487696
v 1.348614 0.072411 -1.405825
v 1.326611 -0.357300 -1.750406
v 1.591086 -0.082916 -1.668536
vt 0.625000 0.000000
vt 0.375000 0.250000
vt 0.375000 0.000000
vt 0.625000 0.250000
vt 0.375000 0.500000
vt 0.625000 0.750000
vt 0.375000 0.750000
vt 0.375000 1.000000
vt 0.125000 0.750000
vt 0.125000 0.500000
vt 0.875000 0.500000
vt 0.625000 0.500000
vt 0.625000 0.000000
vt 0.375000 0.250000
vt 0.375000 0.000000
vt 0.625000 0.250000
vt 0.375000 0.500000
vt 0.625000 0.750000
vt 0.375000 0.750000
vt 0.375000 1.000000
vt 0.125000 0.500000
vt 0.125000 0.750000
vt 0.625000 0.500000
vt 0.875000 0.750000
vt 0.625000 1.000000
vt 0.875000 0.750000
vt 0.625000 1.000000
vt 0.875000 0.500000
vt 0.625000 0.000000
vt 0.375000 0.250000
vt 0.375000 0.000000
vt 0.625000 0.500000
vt 0.375000 0.500000
vt 0.375000 0.750000
vt 0.625000 1.000000
vt 0.375000 1.000000
vt 0.125000 0.750000
vt 0.125000 0.500000
vt 0.875000 0.500000
vt 0.625000 0.750000
vt 0.625000 0.250000
vt 0.875000 0.750000
vn -0.8063 0.1765 0.5645
vn -0.5101 -0.6905 -0.5128
vn 0.8063 -0.1765 -0.5645
vn 0.5101 0.6905 0.5128
vn 0.2993 -0.7014 0.6468
vn -0.2993 0.7014 -0.6468
vn -0.3907 0.5880 -0.7083
vn 0.6221 -0.3985 -0.6740
vn 0.3907 -0.5880 0.7083
vn -0.6221 0.3985 0.6740
vn -0.6785 -0.7039 -0.2100
vn 0.6785 0.7039 0.2100
vn 0.2774 -0.8510 -0.4459
vn -0.5738 -0.5190 0.6336
vn -0.2774 0.8510 0.4459
vn 0.5738 0.5190 -0.6336
vn -0.7706 0.0801 -0.6323
vn 0.7706 -0.0801 0.6323
usemtl MARSINDX_01
s off
f 10/1/1 11/2/1 9/3/1
f 12/4/2 15/5/2 11/2/2
f 15/5/3 14/6/3 13/7/3
f 14/6/4 9/8/4 13/7/4
f 15/5/5 9/9/5 11/10/5
f 12/11/6 14/6/6 16/12/6
f 18/13/7 19/14/7 17/15/7
f 20/16/8 23/17/8 19/14/8
f 23/17/9 22/18/9 21/19/9
f 22/18/10 17/20/10 21/19/10
f 19/21/11 21/19/11 17/22/11
f 24/23/12 18/24/12 22/18/12
f 10/1/1 12/4/1 11/2/1
f 12/4/2 16/12/2 15/5/2
f 15/5/3 16/12/3 14/6/3
f 14/6/4 10/25/4 9/8/4
f 15/5/5 13/7/5 9/9/5
f 12/11/6 10/26/6 14/6/6
f 18/13/7 20/16/7 19/14/7
f 20/16/8 24/23/8 23/17/8
f 23/17/9 24/23/9 22/18/9
f 22/18/10 18/27/10 17/20/10
f 19/21/11 23/17/11 21/19/11
f 24/23/12 20/28/12 18/24/12
usemtl TestTexture
f 2/29/13 3/30/13 1/31/13
f 3/30/14 8/32/14 7/33/14
f 8/32/15 5/34/15 7/33/15
f 5/34/16 2/35/16 1/36/16
f 7/33/17 1/37/17 3/38/17
f 4/39/18 6/40/18 8/32/18
f 2/29/13 4/41/13 3/30/13
f 3/30/14 4/41/14 8/32/14
f 8/32/15 6/40/15 5/34/15
f 5/34/16 6/40/16 2/35/16
f 7/33/17 5/34/17 1/37/17
f 4/39/18 2/42/18 6/40/18
